0 -3 -8 17 20 0 -17 -13 8 2 -17 -11 -18 2 12 -13 
-18 -11 -17 17 20 -18 0 7 2 9 2 19 -1 5 -12 -18 
-18 -6 -17 -3 -16 14 -5 2 -8 15 -11 -8 3 10 -16 16 
-4 -1 3 0 13 8 -19 -17 1 -17 -11 10 11 -2 -12 -15 
-12 -4 -7 13 -15 14 4 -2 12 -15 -12 -1 -10 17 -1 14 
14 -8 1 -10 18 -16 -14 -16 -11 7 17 4 -1 18 -16 20 
13 -13 16 2 9 2 -19 -1 -7 -5 -10 10 -14 -19 -17 19 
-15 -11 20 -5 14 10 5 -5 -10 20 12 -11 8 17 -14 -18 
5 9 6 -3 -18 12 -8 -3 -12 7 -9 -7 -16 -6 -13 14 
-17 0 6 6 -16 -3 -7 14 2 -12 -5 -10 -5 11 -15 -8 
-12 1 -14 -9 6 -3 7 -7 3 -10 18 2 -2 -19 -2 -9 
2 10 -13 -1 -16 9 18 17 4 16 0 7 18 5 0 2 
-6 -13 -17 0 3 -6 -4 16 13 -10 0 -8 -13 -6 5 18 
2 -10 -11 18 9 -4 -2 -6 -6 -19 12 10 0 -6 -17 18 
-19 -6 -7 -2 -3 13 -14 0 7 0 -13 20 4 -6 10 9 
8 -10 -4 -1 19 -1 -20 -13 17 -7 -18 9 -6 14 -19 -15 
